10 10
0 0
1 9
0.10 1.00 0.10 0.10 0.10 0.10 0.10 0.10 0.10 0.10
0.10 1.00 0.10 0.10 0.10 0.10 0.10 0.10 0.10 0.10
0.10 1.00 0.10 0.10 0.10 0.10 0.10 0.10 0.10 0.10
0.10 1.00 0.10 0.10 0.10 0.10 0.10 0.10 0.10 0.10
0.10 1.00 0.10 0.10 0.10 0.10 0.10 0.10 0.10 0.10
0.10 1.00 0.10 0.10 0.10 0.10 0.10 0.10 0.10 0.10
0.10 1.00 0.10 0.10 0.10 0.10 0.10 0.10 0.10 0.10
0.10 1.00 0.10 0.10 0.10 0.10 0.10 0.10 0.10 0.10
0.10 1.00 0.10 0.10 0.10 0.10 0.10 0.10 0.10 0.10
0.10 0.10 0.10 0.10 0.10 0.10 0.10 0.10 0.10 0.10